1.000000000 0.000000000 0.000000000 0.000000000 0.000000000 1.000000000 0.000000000 0.000000000 0.000000000 0.000000000 1.000000000 0.000000000
0.999976456 0.000596763 -0.006834692 -0.008938930 -0.000597742 0.999999821 -0.000141272 -0.000729732 0.006834606 0.000145354 0.999976635 0.092036687
0.999899149 0.000876582 -0.014175796 -0.022771947 -0.000887424 0.999999344 -0.000758531 -0.002404087 0.014175122 0.000771034 0.999899209 0.189325884
0.999723375 0.001498672 -0.023471413 -0.034685884 -0.001552147 0.999996245 -0.002260248 -0.002337185 0.023467937 0.002296054 0.999721944 0.296344191
0.999382555 0.001468335 -0.035104610 -0.046185564 -0.001602807 0.999991477 -0.003802762 -0.003441930 0.035098728 0.003856680 0.999376416 0.412627101
0.998815477 0.001251914 -0.048642762 -0.068598226 -0.001486197 0.999987483 -0.004780531 -0.003270080 0.048636168 0.004847161 0.998804808 0.542941809
0.997173429 -0.000660148 -0.075131372 0.049490772 0.000267757 0.999986291 -0.005232688 0.007190104 0.075133793 0.005197780 0.997159898 0.783867657
0.995574117 -0.002093061 -0.093956254 0.025713556 0.001597486 0.999984384 -0.005349437 0.004814967 0.093965985 0.005175666 0.995561957 0.942794561
0.993498087 -0.003248042 -0.113802016 -0.010226883 0.002634247 0.999981105 -0.005543500 0.001112685 0.113817871 0.005207675 0.993487954 1.103408217
0.990606010 -0.003593564 -0.136699900 -0.051607750 0.002812279 0.999978602 -0.005908024 -0.002233836 0.136718199 0.005468085 0.990594864 1.296585441
0.987032413 -0.000109435 -0.160521492 -0.108368501 -0.001082908 0.999972463 -0.007340433 -0.007771894 0.160517871 0.007419074 0.987005055 1.464816689
0.982557297 0.004100446 -0.185914814 -0.183207765 -0.005866502 0.999942720 -0.008950138 -0.013776151 0.185867518 0.009884694 0.982525051 1.664903760
0.977103531 0.007246548 -0.212641016 -0.258926868 -0.009533182 0.999907196 -0.009730156 -0.022568004 0.212550789 0.011534514 0.977081895 1.848242044
0.970252752 0.007984778 -0.241962537 -0.346048832 -0.010702489 0.999893486 -0.009919678 -0.027199961 0.241857573 0.012214193 0.970234871 2.066152096
0.962123632 0.009826243 -0.272436321 -0.435355753 -0.012942369 0.999869764 -0.009643340 -0.028658826 0.272306085 0.012804055 0.962125480 2.255209923
0.952583015 0.011974296 -0.304043055 -0.542392373 -0.015231252 0.999849141 -0.008342701 -0.035543017 0.303897381 0.012578073 0.952621758 2.469407082
0.941171110 0.013870272 -0.337645352 -0.643359959 -0.017411569 0.999820530 -0.007461927 -0.035125326 0.337481320 0.012901885 0.941243887 2.657585144
0.928535402 0.016585527 -0.370873094 -0.748901904 -0.020535650 0.999766648 -0.006704235 -0.042879507 0.370675385 0.013841240 0.928659320 2.836954594
0.914706290 0.019604715 -0.403643399 -0.902480125 -0.024251956 0.999685287 -0.006403845 -0.042299040 0.403390855 0.015646780 0.914893985 3.067683220
0.898565471 0.020348322 -0.438367456 -1.021641850 -0.025281342 0.999665618 -0.005418782 -0.046889208 0.438110709 0.015951648 0.898779452 3.237681627
0.880083621 0.015797339 -0.474555761 -1.160768747 -0.021450033 0.999748707 -0.006499663 -0.042286124 0.474333912 0.015899487 0.880201459 3.438878775
0.859595835 0.012058209 -0.510832310 -1.343698502 -0.017829292 0.999820530 -0.006401196 -0.053448409 0.510663450 0.014610217 0.859656572 3.649173021
0.834784091 0.013803223 -0.550404370 -1.507988811 -0.018561400 0.999822915 -0.003077701 -0.060879249 0.550264537 0.012785492 0.834892571 3.817911863
0.805712283 0.019796526 -0.591976225 -1.696189284 -0.023672331 0.999719024 0.001212677 -0.068560630 0.591833889 0.013036393 0.805954516 3.991659403
0.774403453 0.023097098 -0.632270396 -1.952782869 -0.027200187 0.999624908 0.003201979 -0.076728858 0.632107139 0.014718249 0.774741173 4.194183826
0.738705993 0.022351071 -0.673657060 -2.165915728 -0.026493456 0.999640524 0.004115092 -0.081163205 0.673506796 0.014807661 0.739032626 4.354479790
0.698980153 0.017852362 -0.714918256 -2.396806002 -0.020235872 0.999781787 0.005181008 -0.082531266 0.714854836 0.010845574 0.699188828 4.541177750
0.660478592 0.015507684 -0.750684738 -2.713267088 -0.016705178 0.999842644 0.005957005 -0.081547432 0.750659049 0.008605849 0.660633743 4.672671318
0.617233038 0.015332561 -0.786631048 -2.979190826 -0.014175549 0.999864399 0.008365890 -0.085411400 0.786652803 0.005987224 0.617366612 4.803986549
0.569864273 0.015982879 -0.821583390 -3.280958176 -0.011969240 0.999866128 0.011149079 -0.085858122 0.821651697 0.003480270 0.569979310 4.956997395
0.522028923 0.016719434 -0.852763832 -3.656338453 -0.013120995 0.999846935 0.011571005 -0.066628747 0.852826893 0.005148710 0.522168517 5.054361343
0.470052093 0.018112922 -0.882452846 -3.992966175 -0.011050466 0.999831736 0.014636004 -0.069962129 0.882569492 0.002871830 0.470173240 5.175338745
0.416155487 0.020477414 -0.909062862 -4.363261700 -0.010054233 0.999788821 0.017918419 -0.070975192 0.909237862 0.001683081 0.416273624 5.287637711
0.361805409 0.022467548 -0.931982875 -4.864334106 -0.010584142 0.999744117 0.019992212 -0.065089762 0.932193518 0.002630949 0.361950666 5.401193619
0.307251900 0.025597848 -0.951283932 -5.296745300 -0.007789700 0.999672353 0.024383955 -0.066328153 0.951596260 -0.000081798 0.307350636 5.487709999
0.253665477 0.027763631 -0.966893554 -5.742430687 -0.003614688 0.999608338 0.027754690 -0.065489933 0.967285216 -0.003545387 0.253666401 5.567066193
0.203182131 0.027999427 -0.978740573 -6.270822525 -0.001287871 0.999597847 0.028328748 -0.061554462 0.979140103 -0.004495404 0.203136474 5.620905876
0.155737311 0.029000662 -0.987372756 -6.683541775 -0.002837317 0.999577940 0.028911622 -0.056272507 0.987794399 -0.001701128 0.155753866 5.642133236
0.113855354 0.029543648 -0.993057966 -7.254704475 -0.004858079 0.999562383 0.029180167 -0.045426875 0.993485451 0.001502036 0.113949053 5.657808304
0.075834289 0.028544739 -0.996711791 -7.877518654 -0.005280726 0.999587655 0.028225316 -0.036999866 0.997106433 0.003122915 0.075953759 5.658803463
0.041826900 0.025731225 -0.998793483 -8.395470619 -0.005544391 0.999658942 0.025521336 -0.025410786 0.999109387 0.004470224 0.041955307 5.634453297
0.010283656 0.023067864 -0.999681056 -8.986455917 -0.003811338 0.999727547 0.023029730 -0.019107103 0.999939859 0.003573292 0.010368794 5.630344868
-0.015859084 0.021150023 -0.999650538 -9.675320625 -0.004826319 0.999763012 0.021228969 -0.004722431 0.999862611 0.005161304 -0.015753245 5.574900150
-0.037289239 0.018988956 -0.999124050 -10.226236343 -0.003800426 0.999809563 0.019143816 0.007488623 0.999297261 0.004510955 -0.037209965 5.558477402
-0.053743020 0.018358402 -0.998386025 -10.778535843 -0.002264911 0.999826252 0.018506799 0.016086608 0.998552263 0.003255867 -0.053692102 5.543195724
-0.065892585 0.018444259 -0.997656345 -11.660506248 -0.004126946 0.999815583 0.018756755 0.031606600 0.997818291 0.005353204 -0.065804318 5.411335945
-0.076085299 0.019638211 -0.996907949 -12.310526848 -0.004275096 0.999790430 0.020021277 0.041407228 0.997092128 0.005785202 -0.075985409 5.368580818
-0.082390852 0.021118451 -0.996376395 -13.062873840 -0.007131514 0.999737501 0.021779396 0.041031659 0.996574521 0.008900096 -0.082218625 5.283227921
-0.086040936 0.022108492 -0.996046185 -13.803144455 -0.007142157 0.999714375 0.022806861 0.045073867 0.996266007 0.009076243 -0.085858449 5.183184147
-0.087315515 0.022961812 -0.995916009 -14.566516876 -0.005096809 0.999710917 0.023496162 0.057162374 0.996167660 0.007127573 -0.087173246 5.114216805
-0.086137861 0.025121721 -0.995966375 -15.356590271 -0.002654565 0.999672711 0.025444787 0.069475830 0.996279776 0.004835617 -0.086042970 5.049860001
-0.085278854 0.027359106 -0.995981395 -16.151453018 -0.003361118 0.999609351 0.027746551 0.080592662 0.996351480 0.005713805 -0.085153565 4.979826927
-0.084424742 0.027453868 -0.996051610 -16.899841309 -0.004316603 0.999600887 0.027917571 0.099797845 0.996420562 0.006656492 -0.084272549 4.960762978
-0.083543621 0.024851466 -0.996194184 -17.648880005 -0.003946773 0.999672830 0.025269233 0.127661794 0.996496320 0.006042836 -0.083418220 4.956265450
-0.080459453 0.024699898 -0.996451795 -18.619106293 -0.008534703 0.999639213 0.025468051 0.117502213 0.996721268 0.010553568 -0.080219619 4.756480217
-0.078481704 0.027515311 -0.996535778 -19.508737564 -0.009298071 0.999555349 0.028330952 0.128197461 0.996872187 0.011489322 -0.078190945 4.686205864
-0.076329328 0.031054715 -0.996598959 -20.442382812 -0.010718887 0.999431551 0.031963941 0.140885532 0.997025073 0.013122218 -0.075953066 4.610532284
-0.074898615 0.033314086 -0.996634543 -21.289962769 -0.010377260 0.999361634 0.034185104 0.157143712 0.997137129 0.012902752 -0.074505098 4.535313606
-0.073453628 0.032566898 -0.996766746 -22.217409134 -0.011754227 0.999369025 0.033518113 0.178401172 0.997229397 0.014178250 -0.073024482 4.478260994
-0.072065122 0.029537868 -0.996962428 -23.208723068 -0.014122279 0.999430954 0.030631825 0.199851602 0.997299910 0.016286870 -0.071606971 4.404217243
-0.069977902 0.028842477 -0.997131467 -24.091493607 -0.015129538 0.999436259 0.029970925 0.222790331 0.997433782 0.017183442 -0.069502078 4.311704636
-0.066977382 0.030969635 -0.997273684 -24.943328857 -0.013613829 0.999396682 0.031949870 0.255221963 0.997661650 0.015716633 -0.066515356 4.197291374
-0.066631660 0.033803165 -0.997204900 -26.098318100 -0.010503201 0.999346793 0.034577582 0.246247649 0.997722328 0.012777804 -0.066233099 4.171014786
-0.065767907 0.035540108 -0.997201800 -26.980882645 -0.008698315 0.999307036 0.036188819 0.266380370 0.997797012 0.011054038 -0.065413214 4.104258537
-0.064125210 0.030767553 -0.997467458 -27.867897034 -0.010963454 0.999442518 0.031533297 0.291288555 0.997881591 0.012957768 -0.063752152 4.000525951
-0.064592913 0.024132505 -0.997619808 -29.011091232 -0.008592898 0.999657094 0.024738153 0.294186860 0.997874618 0.010170356 -0.064363398 3.972645760
-0.064685337 0.019290652 -0.997719228 -29.925025940 -0.004211323 0.999798954 0.019603897 0.310183108 0.997896850 0.005469803 -0.064591095 3.898949146
-0.065527670 0.020062182 -0.997649014 -30.946542740 -0.003059063 0.999789119 0.020306142 0.325473845 0.997846067 0.004382485 -0.065452464 3.844873428
-0.065455370 0.027355712 -0.997480452 -32.015098572 -0.002767911 0.999615252 0.027595896 0.338451743 0.997851670 0.004567237 -0.065354474 3.775184631
-0.065283008 0.034911700 -0.997255862 -32.976490021 -0.005023149 0.999363542 0.035314322 0.341855407 0.997854173 0.007314790 -0.065066114 3.680921555
-0.065178894 0.040654935 -0.997045040 -34.026226044 -0.008265590 0.999113321 0.041279618 0.350084066 0.997839391 0.010931725 -0.064785078 3.588783264
-0.065918840 0.040765986 -0.996991813 -35.032848358 -0.009374498 0.999095559 0.041471832 0.378792405 0.997780919 0.012080073 -0.065477081 3.536229134
-0.066321641 0.037443172 -0.997095466 -36.007225037 -0.009023844 0.999232233 0.038123630 0.396748304 0.997757435 0.011526057 -0.065932825 3.458986998
-0.067870416 0.034529850 -0.997096479 -36.946006775 -0.007901534 0.999350965 0.035145767 0.431147277 0.997662783 0.010263949 -0.067553528 3.449269056
-0.068470307 0.035962489 -0.997004747 -37.876110077 -0.008565017 0.999292016 0.036633201 0.467693925 0.997616291 0.011047650 -0.068113811 3.441803217
-0.066785380 0.038415223 -0.997027576 -39.010932922 -0.011473814 0.999162853 0.039266068 0.455016494 0.997701347 0.014062108 -0.066288717 3.244250774
-0.066762194 0.036776286 -0.997090936 -40.046028137 -0.012252665 0.999214828 0.037675027 0.477696061 0.997693658 0.014732287 -0.066259183 3.171967983
-0.066157185 0.031813756 -0.997301936 -41.166648865 -0.013621204 0.999369621 0.032783289 0.492202103 0.997716188 0.015753303 -0.065682143 3.101484537
-0.066251256 0.027766243 -0.997416615 -42.177902222 -0.015279157 0.999467432 0.028838215 0.509109318 0.997685969 0.017150255 -0.065791734 3.043157578
-0.064581081 0.028557152 -0.997503698 -43.002906799 -0.014988985 0.999449849 0.029583298 0.514770806 0.997799873 0.016862089 -0.064117514 2.927842140
-0.063475668 0.031309754 -0.997492075 -43.901542664 -0.012814901 0.999399722 0.032185115 0.528652728 0.997901142 0.014825733 -0.063036337 2.840588808
-0.063984357 0.036358051 -0.997288346 -45.047851562 -0.011785797 0.999238849 0.037185315 0.546861291 0.997881293 0.014133117 -0.063507162 2.812998295
-0.063093148 0.042443477 -0.997104645 -46.053993225 -0.011053176 0.999004304 0.043223735 0.553510308 0.997946441 0.013748295 -0.062561199 2.755797863
-0.062838517 0.045064278 -0.997005761 -47.006595612 -0.013227891 0.998854697 0.045981567 0.580002069 0.997936010 0.016077699 -0.062170468 2.655729055
-0.062631935 0.045084380 -0.997017860 -48.052604675 -0.013358193 0.998851836 0.046006463 0.598861337 0.997947276 0.016199831 -0.061957791 2.596264362
-0.062383849 0.040811323 -0.997217417 -49.058025360 -0.014209908 0.999026060 0.041774277 0.622388840 0.997951150 0.016776411 -0.061743181 2.530456066
-0.062724508 0.036242772 -0.997372568 -50.065811157 -0.014845523 0.999195993 0.037242658 0.656641245 0.997920454 0.017142545 -0.062136047 2.483608723
-0.061614018 0.033442162 -0.997539639 -50.992301941 -0.018524123 0.999228060 0.034642935 0.673958778 0.997928083 0.020613039 -0.060946986 2.365388632
-0.061933614 0.031523783 -0.997582316 -52.010829926 -0.020326883 0.999253988 0.032838576 0.703472853 0.997873187 0.022311553 -0.061246637 2.291930676
-0.062570721 0.030162377 -0.997584581 -53.053333282 -0.018445915 0.999337554 0.031372350 0.700211465 0.997870088 0.020364352 -0.061972890 2.223959208
-0.063138396 0.026576132 -0.997650862 -54.034976959 -0.016486017 0.999481201 0.027668241 0.710361183 0.997868598 0.018194215 -0.062667519 2.140458107
-0.064358562 0.024774706 -0.997619271 -54.982357025 -0.011497087 0.999607027 0.025565773 0.725305915 0.997860551 0.013115094 -0.064048439 2.085084915
-0.066096351 0.027825413 -0.997425199 -56.002365112 -0.011569475 0.999522507 0.028650599 0.744451404 0.997746110 0.013433387 -0.065742858 2.010893106
-0.068603680 0.034317788 -0.997053623 -57.003349304 -0.009491091 0.999340475 0.035049550 0.753834724 0.997598767 0.011867653 -0.068232730 1.966819763
-0.070194006 0.038374871 -0.996794999 -58.087688446 -0.005197463 0.999232054 0.038834702 0.774514794 0.997519791 0.007906768 -0.069940656 1.884939671
-0.071006134 0.037587982 -0.996767402 -58.896270752 -0.006958414 0.999246716 0.038177174 0.772266865 0.997451603 0.009646731 -0.070691094 1.789142609
-0.072098091 0.033551969 -0.996833026 -59.875499725 -0.010635790 0.999351382 0.034405984 0.789487004 0.997340739 0.013082713 -0.071694463 1.709251881
-0.072634280 0.029958215 -0.996908605 -60.864627838 -0.015667083 0.999391198 0.031174317 0.805729032 0.997235537 0.017882969 -0.072120674 1.612632275
-0.074557118 0.028437197 -0.996811211 -61.858364105 -0.020059526 0.999348342 0.030009938 0.826098561 0.997014940 0.022233013 -0.073938087 1.534491539
-0.074787177 0.030084671 -0.996745586 -62.760272980 -0.020966234 0.999276340 0.031734187 0.825130463 0.996979058 0.023271311 -0.074102312 1.414441586
-0.075915575 0.031689078 -0.996610463 -63.724430084 -0.021848394 0.999201894 0.033435751 0.837239742 0.996874809 0.024312638 -0.075162627 1.334719658
-0.076605357 0.031083202 -0.996576846 -64.729270935 -0.023285164 0.999185503 0.032954462 0.853765607 0.996789455 0.025729945 -0.075819194 1.240223885
-0.077599034 0.031076044 -0.996500254 -65.657058716 -0.023606135 0.999176562 0.032997757 0.868224382 0.996705115 0.026084119 -0.076801561 1.170065403
-0.077371441 0.032934822 -0.996458232 -66.505920410 -0.021696322 0.999161899 0.034708831 0.874199867 0.996766210 0.024304952 -0.076592036 1.068362713
-0.077961758 0.036218204 -0.996298254 -67.441764832 -0.020135250 0.999078870 0.037894893 0.874574184 0.996752977 0.023015073 -0.077160671 0.990661144
-0.077714287 0.040195908 -0.996165097 -68.328285217 -0.021375291 0.998890102 0.041973416 0.893191934 0.996746540 0.024555253 -0.076768816 0.908331394
-0.078023382 0.042728942 -0.996035397 -69.286987305 -0.020463593 0.998801947 0.044450615 0.904759169 0.996741474 0.023850651 -0.077055529 0.818492413
-0.078055128 0.042321201 -0.996050358 -70.162040710 -0.020968683 0.998807788 0.044081569 0.946991205 0.996728420 0.024326660 -0.077074662 0.719504833
-0.079220280 0.040256098 -0.996043980 -71.118408203 -0.019481251 0.998930931 0.041922215 0.954043150 0.996666789 0.022725269 -0.078351349 0.683441639
-0.078777604 0.037069112 -0.996202767 -71.995590210 -0.019297117 0.999064445 0.038701579 0.962748885 0.996705353 0.022272661 -0.077988580 0.577781677
-0.078606106 0.034672018 -0.996302664 -72.858734131 -0.019755192 0.999144554 0.036329564 0.967557549 0.996709943 0.022537872 -0.077853903 0.506707191
-0.077497199 0.031613778 -0.996491194 -73.730155945 -0.019407876 0.999259889 0.033210963 0.995691895 0.996803641 0.021913538 -0.076826274 0.434765816
-0.075746357 0.031358074 -0.996633887 -74.575111389 -0.021826617 0.999213696 0.033098117 0.988186121 0.996888101 0.024260206 -0.075002342 0.396129608
-0.070512414 0.032014601 -0.996996939 -75.392166138 -0.022246538 0.999185801 0.033658270 1.015823960 0.997262776 0.024553057 -0.069742791 0.282897949
-0.064296350 0.033405628 -0.997371554 -76.184509277 -0.021747388 0.999155283 0.034867328 1.030604601 0.997693896 0.023932066 -0.063515551 0.215070248
-0.057491135 0.035206232 -0.997724950 -76.992736816 -0.020806402 0.999118805 0.036454320 1.032095313 0.998129129 0.022854868 -0.056707956 0.197905064
-0.048638292 0.036383744 -0.998153567 -77.774368286 -0.021481233 0.999067128 0.037463784 1.045374632 0.998585463 0.023263741 -0.047811344 0.150128365
-0.036081884 0.038638510 -0.998601615 -78.504135132 -0.023559792 0.998941660 0.039502937 1.040740490 0.999071181 0.024952186 -0.035133384 0.088448286
-0.019687815 0.039815690 -0.999013066 -79.189910889 -0.027746016 0.998800099 0.040353999 1.077061415 0.999421060 0.028513117 -0.018559460 0.014712334
-0.002478708 0.040833123 -0.999162793 -79.932464600 -0.029334029 0.998733044 0.040888317 1.091633320 0.999566555 0.029410826 -0.001277760 0.064893119
0.020064808 0.042101610 -0.998911977 -80.631988525 -0.029387731 0.998706222 0.041502643 1.082108974 0.999366701 0.028523015 0.021276118 0.070383191
0.046696007 0.042514738 -0.998004019 -81.245788574 -0.029634865 0.998713076 0.041158345 1.097187996 0.998469532 0.027653784 0.047895826 0.068376303
0.075079150 0.041942671 -0.996295214 -81.908782959 -0.028401434 0.998799682 0.039907828 1.106065750 0.996773005 0.025299966 0.076180249 0.182156086
0.109470211 0.041861955 -0.993108094 -82.505126953 -0.027090218 0.998867273 0.039118562 1.118567705 0.993620813 0.022621201 0.110480264 0.255752563
0.147559255 0.041784428 -0.988170147 -83.066146851 -0.027355876 0.998897374 0.038153090 1.138351917 0.988674819 0.021402422 0.148539573 0.348752975
0.188738227 0.041751985 -0.981139421 -83.635040283 -0.027310222 0.998932540 0.037255596 1.137719393 0.981647611 0.019763583 0.189677030 0.479403496
0.233798891 0.042865574 -0.971339524 -84.181152344 -0.025837878 0.998948753 0.037864871 1.134944558 0.971941590 0.016244588 0.234660685 0.642549515
0.281777263 0.041260354 -0.958592296 -84.690711975 -0.023068517 0.999077439 0.036221981 1.146023512 0.959202528 0.011906774 0.282469064 0.821159363
0.332602799 0.036805049 -0.942348540 -85.148674011 -0.016579218 0.999311984 0.033178199 1.147858620 0.942921281 0.004588240 0.332984149 1.002746582
0.383118063 0.031720322 -0.923154533 -85.645385742 -0.010662265 0.999495506 0.029918512 1.138900280 0.923637867 -0.001619404 0.383262932 1.272235870
0.434863895 0.026543371 -0.900105000 -86.129302979 -0.006253663 0.999630451 0.026456993 1.154553890 0.900474489 -0.005876240 0.434869170 1.550109863
0.483558595 0.025132904 -0.874951065 -86.557525635 -0.005352469 0.999653816 0.025756836 1.169097781 0.875295639 -0.007771798 0.483525783 1.870662689
0.531340599 0.023301922 -0.846837759 -86.996459961 -0.004532930 0.999685526 0.024663601 1.193141341 0.847146213 -0.009266118 0.531279087 2.186859131
0.577175975 0.019406648 -0.816389143 -87.480674744 0.002976300 0.999660969 0.025867464 1.184790611 0.816614330 -0.017359897 0.576922536 2.546524048
0.620576859 0.013250002 -0.784033597 -87.868362427 0.012724160 0.999555409 0.026963675 1.181200981 0.784042358 -0.026709205 0.620132446 2.920040131
0.661810756 0.008083013 -0.749627411 -88.259353638 0.014262163 0.999625146 0.023370054 1.185019970 0.749535263 -0.026157863 0.661447346 3.333438873
0.702234268 0.003090068 -0.711939275 -88.596069336 0.011820355 0.999802113 0.015998716 1.192693591 0.711847842 -0.019650223 0.702058792 3.697814941
0.741313100 -0.003707461 -0.671149194 -88.963752747 0.008969255 0.999950051 0.004383150 1.192626476 0.671099544 -0.009268994 0.741309345 4.179042816
0.779254735 -0.006044031 -0.626678050 -89.285957336 0.004072493 0.999981225 -0.004580354 1.201317310 0.626693904 0.001017122 0.779264808 4.634025574
0.815434098 -0.006023600 -0.578818560 -89.519744873 0.002215457 0.999970973 -0.007285300 1.190054655 0.578845620 0.004658335 0.815423787 5.011856079
0.847702503 -0.007805546 -0.530414522 -89.870437622 0.003039422 0.999946773 -0.009857583 1.188027620 0.530463159 0.006744144 0.847681105 5.665439606
0.877163053 -0.006872233 -0.480143428 -90.176513672 0.000877063 0.999918759 -0.012709425 1.182414293 0.480191797 0.010727124 0.877097905 6.268436432
0.901970744 -0.006266640 -0.431751579 -90.433929443 0.001148036 0.999925911 -0.012115024 1.187982321 0.431795567 0.010431729 0.901911199 6.864524841
0.922039211 0.000800881 -0.387095630 -90.692474365 -0.005378935 0.999927759 -0.010743509 1.152344227 0.387059093 0.011988099 0.921976984 7.545103073
0.938716710 0.005944393 -0.344638318 -90.952995300 -0.010971229 0.999859929 -0.012637349 1.137522697 0.344515026 0.015643997 0.938650370 8.253406525
0.951369584 0.011679651 -0.307830423 -91.173774719 -0.015896181 0.999810934 -0.011193491 1.117006660 0.307641506 0.015542476 0.951375365 8.952804565
0.960670590 0.011999472 -0.277431160 -91.390075684 -0.015202196 0.999840260 -0.009396009 1.096528172 0.277274132 0.013244034 0.960699558 9.742399216
0.967390656 0.010761634 -0.253060162 -91.571075439 -0.013280088 0.999877810 -0.008245928 1.084964633 0.252940476 0.011337694 0.967415392 10.497289658
0.972715557 0.011197266 -0.231730416 -91.764305115 -0.012996053 0.999896049 -0.006237253 1.068147182 0.231636539 0.009078654 0.972760022 11.362562180
0.976893663 0.013754828 -0.213283136 -91.934951782 -0.014943554 0.999880552 -0.003962232 1.059698701 0.213203147 0.007057887 0.976982415 12.163599014
0.980009437 0.018758651 -0.198064759 -92.104164124 -0.019685283 0.999802530 -0.002710296 1.055488825 0.197974831 0.006555077 0.980185151 12.988246918
0.982574761 0.022728980 -0.184472933 -92.297386169 -0.023348175 0.999726832 -0.001184770 1.027596116 0.184395581 0.005471232 0.982836902 13.956966400
0.984919250 0.021572217 -0.171664685 -92.442314148 -0.022122839 0.999754429 -0.001294913 1.016085267 0.171594605 0.005073096 0.985154629 14.833339691
0.987351358 0.023202591 -0.156840503 -92.615509033 -0.023761915 0.999716282 -0.001691852 0.990356743 0.156756744 0.005397283 0.987622499 15.730200768
0.989525378 0.022077102 -0.142660961 -92.745635986 -0.022549443 0.999744415 -0.001694868 0.997721314 0.142587066 0.004894041 0.989770174 16.770715714
0.991414487 0.023804389 -0.128571317 -92.836784363 -0.024146840 0.999707878 -0.001105203 0.979904830 0.128507450 0.004200306 0.991699576 17.637722015
0.992962182 0.022048756 -0.116361365 -92.955200195 -0.022696214 0.999733448 -0.004241987 0.976587057 0.116236806 0.006853096 0.993197918 18.644618988
0.994175017 0.024596715 -0.104933478 -93.093315125 -0.025680304 0.999629736 -0.008987677 0.935254633 0.104673564 0.011630049 0.994438648 19.749794006
0.995174348 0.022249363 -0.095567010 -93.169731140 -0.023831293 0.999596715 -0.015443642 0.927383006 0.095184855 0.017646600 0.995303273 20.707290649
0.995902896 0.022896102 -0.087482795 -93.276062012 -0.024321729 0.999587595 -0.015264958 0.892466962 0.087097213 0.017330151 0.996049106 21.757766724
0.996468842 0.025085481 -0.080128200 -93.379554749 -0.025918735 0.999620080 -0.009375735 0.868819118 0.079862580 0.011419450 0.996740460 22.874380112
0.996728659 0.028886966 -0.075481825 -93.456558228 -0.029043933 0.999577701 -0.000982400 0.842357874 0.075421564 0.003171476 0.997146726 23.896152496
0.997022152 0.030432206 -0.070856750 -93.567382812 -0.030322012 0.999536693 0.002630565 0.818432927 0.070903987 -0.000474213 0.997483015 24.968854904
0.997262001 0.029885044 -0.067642033 -93.624023438 -0.029839559 0.999553204 0.001682955 0.787170053 0.067662112 0.000340061 0.997708261 26.085250854
0.997477293 0.029857961 -0.064401448 -93.698715210 -0.029858256 0.999553680 0.000958081 0.767347872 0.064401306 0.000967251 0.997923613 27.121639252
0.997696877 0.028175741 -0.061701253 -93.751670837 -0.028040858 0.999602139 0.003051034 0.754787624 0.061762672 -0.001313851 0.998090088 28.130321503
0.997928917 0.026937732 -0.058414601 -93.846046448 -0.026666548 0.999629736 0.005417181 0.738854587 0.058538895 -0.003848246 0.998277724 29.277927399
0.998144448 0.024251331 -0.055852689 -93.888961792 -0.023894798 0.999689758 0.007042537 0.725317478 0.056006148 -0.005694880 0.998414218 30.297319412
0.998323977 0.022945087 -0.053131476 -93.949241638 -0.022798609 0.999734402 0.003361468 0.705496550 0.053194497 -0.002144510 0.998581886 31.302961349
0.998295009 0.028048761 -0.051188972 -94.031425476 -0.028293705 0.999591410 -0.004066432 0.691018224 0.051053982 0.005507824 0.998680711 32.410804749
0.998409033 0.029448021 -0.048086014 -94.143142700 -0.030049065 0.999478459 -0.011824450 0.691729426 0.047712721 0.013250576 0.998773217 33.275993347
0.998463809 0.030646730 -0.046160668 -94.260017395 -0.031417176 0.999377429 -0.016058326 0.693135262 0.045639783 0.017483894 0.998804927 34.124279022
0.998456359 0.031102937 -0.046016417 -94.196807861 -0.031787626 0.999393582 -0.014222837 0.626096368 0.045546137 0.015663637 0.998839438 35.358940125
0.998527110 0.033445418 -0.042720024 -94.301841736 -0.033921298 0.999369800 -0.010463450 0.623120964 0.042343143 0.011897156 0.999032319 36.178142548
0.998512805 0.037245099 -0.039811485 -94.399475098 -0.037499834 0.999280572 -0.005670664 0.622261524 0.039571639 0.007155157 0.999191105 36.953636169
0.998639703 0.035239514 -0.038430173 -94.354576111 -0.035383888 0.999368966 -0.003082797 0.542670846 0.038297281 0.004438412 0.999256551 38.337181091
0.998790145 0.032814696 -0.036624998 -94.418395996 -0.032962620 0.999450564 -0.003442370 0.523129940 0.036491919 0.004645461 0.999323189 39.113857269
0.998861372 0.032301888 -0.035106596 -94.509025574 -0.032443751 0.999467492 -0.003478421 0.522276580 0.034975544 0.004613451 0.999377549 39.971763611
0.998948455 0.030098766 -0.034587558 -94.490287781 -0.030291554 0.999528289 -0.005063373 0.477477372 0.034418844 0.006105759 0.999388874 41.255626678
0.999060392 0.027396355 -0.033583708 -94.559532166 -0.027624255 0.999598324 -0.006340813 0.478620082 0.033396505 0.007262580 0.999415815 42.017681122
0.999176264 0.024070917 -0.032671407 -94.622810364 -0.024278561 0.999687374 -0.005973696 0.442901939 0.032517403 0.006761990 0.999448299 42.956844330
0.999002874 0.030775396 -0.032342974 -94.602523804 -0.030954188 0.999508083 -0.005041830 0.413890809 0.032171905 0.006037954 0.999464095 44.166130066
0.999063909 0.029424744 -0.031708363 -94.672760010 -0.029627901 0.999543190 -0.005956279 0.395240545 0.031518620 0.006890155 0.999479413 45.052295685
0.999030530 0.029736454 -0.032461286 -94.755928040 -0.029922158 0.999538422 -0.005249975 0.372514337 0.032290194 0.006216197 0.999459147 45.904464722
0.998953164 0.029090559 -0.035302199 -94.746612549 -0.029299166 0.999556065 -0.005406233 0.357711881 0.035129257 0.006434898 0.999362051 47.134178162
0.998788118 0.031574596 -0.037754439 -94.816230774 -0.031821258 0.999475837 -0.005950339 0.345099986 0.037546773 0.007144521 0.999269307 48.072959900
0.998537481 0.036117774 -0.040230989 -94.896209717 -0.036397226 0.999317944 -0.006235249 0.333997905 0.039978344 0.007690425 0.999170899 49.028537750
0.998395443 0.035432089 -0.044171903 -94.899116516 -0.035958610 0.999290705 -0.011182538 0.303110659 0.043744344 0.012752955 0.998961329 50.191997528
0.998276234 0.036220249 -0.046180882 -94.976715088 -0.036910463 0.999217987 -0.014181502 0.279649913 0.045631111 0.015861614 0.998832405 51.163070679
0.998203337 0.035791323 -0.048052609 -95.043617249 -0.036563553 0.999214292 -0.015288556 0.247432709 0.047467656 0.017018061 0.998727739 52.131053925
0.998126447 0.034801941 -0.050325979 -95.083358765 -0.035564914 0.999264419 -0.014345154 0.222655654 0.049789727 0.016108116 0.998629808 53.296463013
0.997991920 0.033137877 -0.053980783 -95.080482483 -0.033877064 0.999343574 -0.012836371 0.179798484 0.053519979 0.014639307 0.998459399 54.209793091
0.997988701 0.033252444 -0.053972218 -95.217552185 -0.033961933 0.999347806 -0.012281818 0.175207496 0.053528603 0.014090119 0.998466849 55.350082397
0.997946382 0.033164784 -0.054801233 -95.292884827 -0.033648610 0.999402285 -0.007929553 0.144231111 0.054505493 0.009757254 0.998465776 56.369213104
0.997895122 0.031449709 -0.056711838 -95.316368103 -0.031675342 0.999493420 -0.003083875 0.113374084 0.056586124 0.004873751 0.998385847 57.526744843
0.997954488 0.029272005 -0.056831770 -95.332084656 -0.029364953 0.999568462 -0.000800890 0.094884202 0.056783795 0.002468115 0.998383462 58.462490082
0.997953951 0.031848926 -0.055439435 -95.363067627 -0.031948157 0.999489129 -0.000904382 0.090937138 0.055382304 0.002673720 0.998461604 59.385280609
0.998027325 0.035094704 -0.052055903 -95.510787964 -0.035271581 0.999374688 -0.002482967 0.063144147 0.051936228 0.004314163 0.998641074 60.762180328
0.998172522 0.033414617 -0.050348692 -95.570907593 -0.033718105 0.999417961 -0.005190206 0.056565106 0.050145954 0.006878383 0.998718262 61.822856903
0.998399079 0.028543048 -0.048833746 -95.621589661 -0.028901335 0.999560118 -0.006646433 0.035186261 0.048622556 0.008047152 0.998784840 62.882225037
0.998512268 0.027419440 -0.047131896 -95.663993835 -0.027770063 0.999591231 -0.006800417 0.002299219 0.046926163 0.008099156 0.998865545 64.031608582
0.998648167 0.024442710 -0.045874365 -95.722206116 -0.024653362 0.999687970 -0.004031686 -0.024958968 0.045761507 0.005157194 0.998939097 65.084281921
0.998757243 0.023046467 -0.044189855 -95.790412903 -0.023162976 0.999729395 -0.002126187 -0.039642185 0.044128906 0.003147114 0.999020875 66.136611938
0.998770773 0.021623449 -0.044599589 -95.807418823 -0.021718169 0.999762774 -0.001640229 -0.067538925 0.044553544 0.002606835 0.999003530 67.287536621
0.998755276 0.023463933 -0.044014663 -95.846199036 -0.023712933 0.999705613 -0.005143571 -0.084320307 0.043881018 0.006180886 0.999017596 68.349075317
0.998744547 0.025169661 -0.043312114 -95.919441223 -0.025665604 0.999610722 -0.010932547 -0.113533497 0.043020092 0.012030453 0.999001741 69.346397400
0.998755932 0.027060632 -0.041883819 -95.980232239 -0.027740967 0.999491096 -0.015748128 -0.151895642 0.041436356 0.016890435 0.998998344 70.503593445
0.998628438 0.032320276 -0.041189570 -96.035659790 -0.033227634 0.999215722 -0.021537865 -0.182152629 0.040461160 0.022876959 0.998919189 71.509208679
0.998659670 0.032904733 -0.039950773 -96.092735291 -0.033815980 0.999178112 -0.022351664 -0.218491197 0.039182469 0.023672681 0.998951554 72.536529541
0.998795867 0.028647808 -0.039824605 -96.134658813 -0.029339377 0.999426782 -0.016890690 -0.247321486 0.039317895 0.018038783 0.999063849 73.696075439
0.998796999 0.025537370 -0.041858595 -96.103927612 -0.025871107 0.999637425 -0.007450731 -0.276999235 0.041653149 0.008524698 0.999095738 74.613708496
0.998769522 0.022158602 -0.044365034 -96.093719482 -0.022180943 0.999754012 -0.000011336 -0.287882477 0.044353869 0.000995381 0.999015272 75.557319641
0.998773277 0.023613090 -0.043524485 -96.276672363 -0.023693839 0.999718368 -0.001340252 -0.350668907 0.043480590 0.002369872 0.999051392 76.694458008
0.998758256 0.019219941 -0.045962207 -96.318855286 -0.019494485 0.999794602 -0.005532446 -0.362365127 0.045846429 0.006421586 0.998927832 77.881767273
0.998626888 0.019615937 -0.048576400 -96.364463806 -0.019981412 0.999775469 -0.007049519 -0.386361957 0.048427202 0.008010464 0.998794556 78.893539429
0.998459816 0.021045612 -0.051331531 -96.433082581 -0.021534666 0.999727607 -0.008992926 -0.423355877 0.051128291 0.010084484 0.998641074 79.891242981
0.998280406 0.020875314 -0.054775361 -96.495239258 -0.021576921 0.999692082 -0.012248777 -0.447241187 0.054502811 0.013409600 0.998423576 80.942817688
0.997992933 0.020366872 -0.059960969 -96.504554749 -0.021318303 0.999656022 -0.015270720 -0.467629552 0.059629332 0.016518338 0.998083889 81.817543030
0.997648537 0.020970292 -0.065250710 -96.495330811 -0.022288060 0.999560654 -0.019533385 -0.489819407 0.064812429 0.020941764 0.997677684 82.728889465
0.997435331 0.029657777 -0.065140046 -96.712409973 -0.030990176 0.999328613 -0.019539850 -0.545772076 0.064516805 0.021508439 0.997684777 83.984992981
0.997123957 0.032604177 -0.068415530 -96.801116943 -0.033915956 0.999260783 -0.018100318 -0.568972707 0.067774795 0.020368641 0.997492671 84.956871033
0.996752083 0.035530180 -0.072270595 -96.880043030 -0.036502507 0.999259353 -0.012177593 -0.604812145 0.071784399 0.014776100 0.997310638 85.898170471
0.996405721 0.036334038 -0.076521449 -96.953704834 -0.036912221 0.999299586 -0.006154611 -0.639350593 0.076244213 0.008957068 0.997048914 86.987709045
0.996020377 0.037200350 -0.080991112 -97.054924011 -0.037548754 0.999291003 -0.002782461 -0.657767057 0.080830172 0.005812502 0.996710956 87.927612305
0.995473742 0.036235079 -0.087858491 -97.140937805 -0.036539976 0.999330461 -0.001864050 -0.677108169 0.087732121 0.005065960 0.996131301 88.924949646
0.995021284 0.032604676 -0.094178453 -97.218292236 -0.032497350 0.999468267 0.002673456 -0.705386639 0.094215542 0.000400405 0.995551765 89.931930542
0.994341493 0.034715176 -0.100399159 -97.329292297 -0.034696672 0.999396026 0.001931047 -0.715721726 0.100405559 0.001563396 0.994945407 90.887390137
0.993533134 0.039328873 -0.106513821 -97.438934326 -0.039452951 0.999221027 0.000942795 -0.721286774 0.106467932 0.003265586 0.994310796 91.855430603
0.992829740 0.040503640 -0.112465918 -97.562866211 -0.041025899 0.999155343 -0.002332211 -0.754804134 0.112276465 0.006929504 0.993652821 92.818153381
0.991999447 0.036409758 -0.120877713 -97.596275330 -0.037240256 0.999295592 -0.004617820 -0.771620989 0.120624423 0.009082393 0.992656589 93.660766602
0.991473496 0.041456901 -0.123538151 -97.809364319 -0.042610850 0.999069214 -0.006712181 -0.781655490 0.123144887 0.011919014 0.992317140 94.672622681
0.990815461 0.041802976 -0.128596768 -97.938011169 -0.042265035 0.999106050 -0.000865031 -0.814410627 0.128445670 0.006292232 0.991696596 95.652969360
0.990064800 0.043920662 -0.133576483 -98.093177795 -0.043880768 0.999031544 0.003244027 -0.822393715 0.133589596 0.002649641 0.991033256 96.442993164
0.989314139 0.047388248 -0.137882918 -98.258529663 -0.047237754 0.998874068 0.004365372 -0.799921632 0.137934566 0.002194555 0.990438938 97.160720825
0.988143861 0.039045826 -0.148482561 -98.337493896 -0.039221190 0.999229014 0.001747917 -0.857362270 0.148436353 0.004096471 0.988913417 98.451332092
0.986858130 0.037462208 -0.157186538 -98.481147766 -0.038737189 0.999236524 -0.005054505 -0.871662319 0.156877220 0.011077045 0.987555981 99.340034485
0.985419214 0.035262994 -0.166449890 -98.639953613 -0.036887404 0.999297142 -0.006676751 -0.894672692 0.166097477 0.012719303 0.986027300 100.254119873
0.983561933 0.035297122 -0.177087799 -98.809837341 -0.036604937 0.999321222 -0.004122580 -0.899239540 0.176822096 0.010537099 0.984186411 101.196197510
0.981598258 0.034926575 -0.187736347 -98.992835999 -0.035155762 0.999379575 0.002109740 -0.903682947 0.187693566 0.004529095 0.982217252 101.943969727
0.979364216 0.037812661 -0.198534444 -99.180984497 -0.036556538 0.999281585 0.009989845 -0.913073182 0.198769525 -0.002525964 0.980042994 102.683944702
0.976729691 0.036155738 -0.211404562 -99.379364014 -0.034011934 0.999326587 0.013769436 -0.942633748 0.211760059 -0.006258738 0.977301657 103.905509949
0.974192858 0.040662415 -0.222024679 -99.615928650 -0.039572388 0.999172866 0.009357696 -0.947595477 0.222221583 -0.000330153 0.974996150 104.708335876
0.971200645 0.040067811 -0.234869793 -99.822502136 -0.041129094 0.999153674 0.000380199 -0.955388308 0.234686300 0.009290732 0.972026765 105.616355896
0.968025982 0.036718745 -0.248148039 -100.039962769 -0.039001923 0.999229908 -0.004289393 -0.966869354 0.247799456 0.013830494 0.968712628 106.515380859
0.965134084 0.036141757 -0.259248704 -100.304931641 -0.037227791 0.999306500 0.000720904 -0.973891437 0.259094983 0.008955484 0.965810299 107.335960388
0.961835802 0.037105534 -0.271099716 -100.547164917 -0.036208641 0.999309659 0.008311159 -0.987754583 0.271221012 0.001822182 0.962515295 108.223335266
0.958332181 0.036518395 -0.283312351 -100.813385010 -0.034025654 0.999326766 0.013716088 -0.992823720 0.283622503 -0.003504678 0.958929598 109.148811340
0.954543948 0.033016797 -0.296235949 -101.086639404 -0.030819928 0.999451876 0.012084018 -1.001274824 0.296472460 -0.002404756 0.955038369 110.003105164
0.951123059 0.031203980 -0.307232022 -101.393890381 -0.030210787 0.999511540 0.007989313 -1.010403156 0.307331234 0.001682903 0.951601028 110.863388062
0.948149145 0.028176030 -0.316574216 -101.675506592 -0.029375883 0.999567926 0.000982843 -1.019303083 0.316465169 0.008367766 0.948567152 111.730964661
0.945775330 0.024758996 -0.323876441 -101.990417480 -0.027945837 0.999595940 -0.005191769 -1.019641876 0.323617041 0.013961246 0.946085036 112.552902222
0.943134248 0.025058703 -0.331466168 -102.298690796 -0.029001499 0.999555111 -0.006953191 -1.033772230 0.331144482 0.016170809 0.943441391 113.426109314
0.940102816 0.029005822 -0.339655071 -102.611373901 -0.033312302 0.999421477 -0.006853833 -1.056332111 0.339259803 0.017757999 0.940525115 114.319366455
0.936855912 0.026519500 -0.348708570 -102.890319824 -0.030286282 0.999526918 -0.005353844 -1.044571400 0.348401636 0.015576868 0.937215924 115.139526367
0.934378386 0.028980844 -0.355101675 -103.295906067 -0.030336110 0.999538243 0.001751763 -1.072143078 0.354988456 0.009135592 0.934826136 116.021621704
0.931583643 0.030992733 -0.362203598 -103.609710693 -0.029229555 0.999519169 0.010347928 -1.090843320 0.362350076 0.000947088 0.932041585 116.915145874
0.929038167 0.040483676 -0.367762536 -103.973075867 -0.036491353 0.999175251 0.017806143 -1.110292435 0.368180096 -0.003122433 0.929749250 117.761589050
0.925946534 0.048302416 -0.374553025 -104.284637451 -0.045775361 0.998829126 0.015646184 -1.133502007 0.374870211 0.002657770 0.927073479 118.554878235
0.924060524 0.044273287 -0.379673630 -104.693054199 -0.045028269 0.998961926 0.006896662 -1.112455487 0.379584849 0.010723116 0.925094783 119.488418579
0.922238171 0.036914557 -0.384855926 -105.035324097 -0.040086526 0.999196231 -0.000219401 -1.121383548 0.384538502 0.015629876 0.922976613 120.314056396
0.920546174 0.036736630 -0.388902694 -105.378875732 -0.040275138 0.999188125 -0.000947079 -1.132006884 0.388552189 0.016534941 0.921278358 121.147796631
0.918364525 0.043017529 -0.393390566 -105.793228149 -0.044988174 0.998978615 0.004214752 -1.141587257 0.393170089 0.013827248 0.919361770 122.069076538
0.916044772 0.045175254 -0.398523718 -106.178840637 -0.045343202 0.998930752 0.009009620 -1.160538554 0.398504674 0.009817124 0.917113662 122.921798706
0.913932323 0.041494124 -0.403740019 -106.559982300 -0.042242315 0.999082386 0.007057595 -1.176571012 0.403662413 0.010604751 0.914846480 123.764846802
0.911763608 0.039887492 -0.408773839 -106.953979492 -0.043336838 0.999060154 0.000824520 -1.187138796 0.408422589 0.016963203 0.912635267 124.645271301
0.909535229 0.036221661 -0.414045274 -107.333625793 -0.042479698 0.999079823 -0.005913503 -1.194178700 0.413450062 0.022967055 0.910237014 125.472740173
