1.000000000 0.000000000 0.000000000 0.000000000 0.000000000 1.000000000 0.000000000 0.000000000 0.000000000 0.000000000 1.000000000 0.000000000
0.999976575 0.000591396 -0.006819648 -0.009224347 -0.000592354 0.999999821 -0.000138459 -0.000798668 0.006819565 0.000142495 0.999976754 0.091957055
0.999899089 0.000872404 -0.014179314 -0.022713181 -0.000883012 0.999999344 -0.000741884 -0.002533831 0.014178658 0.000754329 0.999899209 0.189315736
0.999723554 0.001519277 -0.023462456 -0.034761891 -0.001573324 0.999996126 -0.002285246 -0.001948911 0.023458894 0.002321529 0.999722123 0.296298206
0.999382079 0.001432708 -0.035120182 -0.045898601 -0.001566337 0.999991655 -0.003777695 -0.003768583 0.035114478 0.003830370 0.999375939 0.412762493
0.998815000 0.001297436 -0.048650716 -0.068463013 -0.001528819 0.999987721 -0.004719108 -0.003893112 0.048643995 0.004787894 0.998804688 0.542997181
0.997882903 0.001250506 -0.065023303 -0.094140753 -0.001552253 0.999988258 -0.004590290 -0.005888822 0.065016791 0.004681504 0.997873187 0.684592605
0.996504903 -0.000210012 -0.083533838 -0.120011397 -0.000180207 0.999989092 -0.004663825 -0.005677965 0.083533891 0.004662578 0.996494055 0.832167387
0.994639635 -0.001349324 -0.103393055 -0.152982146 0.000847860 0.999987662 -0.004893876 -0.007909819 0.103398383 0.004779981 0.994628549 0.986916602
0.992047369 -0.001814460 -0.125852033 -0.191090092 0.001139729 0.999984622 -0.005433104 -0.009112000 0.125859946 0.005246459 0.992034137 1.151649833
0.984590709 0.006308401 -0.174760893 -0.313687146 -0.007860946 0.999935508 -0.008193023 -0.021693774 0.174697950 0.009440556 0.984576941 1.491224647
0.979374170 0.009365509 -0.201837927 -0.385330051 -0.011395886 0.999895513 -0.008899746 -0.031207874 0.201733470 0.011016302 0.979378462 1.679029346
0.972897470 0.009763791 -0.231030524 -0.455020338 -0.012190127 0.999884427 -0.009077068 -0.033764839 0.230915189 0.011647351 0.972904146 1.860935450
0.965144217 0.011692135 -0.261457562 -0.538042724 -0.014472676 0.999857306 -0.008711747 -0.034919158 0.261318386 0.012192080 0.965175688 2.041152000
0.955953479 0.013403782 -0.293212235 -0.630540848 -0.016343804 0.999837637 -0.007579178 -0.040553555 0.293063045 0.012037544 0.956017315 2.230939388
0.944904149 0.015900595 -0.326960653 -0.728801370 -0.019009719 0.999799490 -0.006315620 -0.045771673 0.326794624 0.012183087 0.945016861 2.421087980
0.932726145 0.018360969 -0.360117793 -0.839365244 -0.021936079 0.999742389 -0.005842855 -0.045967653 0.359917700 0.013349354 0.932888567 2.602948427
0.918988109 0.020844134 -0.393733948 -0.947339416 -0.024930445 0.999675393 -0.005266037 -0.047519255 0.393496305 0.014655387 0.919209361 2.782394409
0.903459787 0.022327550 -0.428090930 -1.095969796 -0.026808735 0.999630690 -0.004441379 -0.048881304 0.427833676 0.015489184 0.903724730 2.993746996
0.885299504 0.017885391 -0.464677274 -1.217072606 -0.022838194 0.999726415 -0.005031757 -0.050620772 0.464460135 0.015066999 0.885465801 3.169064522
0.864446878 0.012364043 -0.502571940 -1.358506918 -0.017582137 0.999829531 -0.005644753 -0.051610362 0.502416432 0.013715878 0.864516914 3.355893373
0.839886248 0.014303171 -0.542573988 -1.539984822 -0.018481119 0.999826610 -0.002251017 -0.059313297 0.542447746 0.011917971 0.840005040 3.570812941
0.811087251 0.020914886 -0.584551215 -1.708351374 -0.024095878 0.999706984 0.002334947 -0.071279474 0.584428549 0.012191428 0.811353505 3.721917868
0.743421555 0.022997566 -0.668427765 -2.138935089 -0.026557283 0.999635518 0.004856071 -0.072712816 0.668295741 0.014141513 0.743761241 4.088959217
0.704757631 0.018599825 -0.709204197 -2.389352322 -0.020721225 0.999769449 0.005628977 -0.072155640 0.709145427 0.010728517 0.704980552 4.277641773
0.662263215 0.015137143 -0.749118268 -2.630228043 -0.015416292 0.999859512 0.006574894 -0.073757745 0.749112606 0.007194318 0.662403584 4.443016052
0.619654953 0.014591437 -0.784738600 -2.914230824 -0.012560560 0.999883473 0.008673619 -0.076263860 0.784773767 0.004482106 0.619765997 4.584831715
0.570790589 0.015024592 -0.820958197 -3.214037418 -0.009961964 0.999885678 0.011372907 -0.073603868 0.821035266 0.001686809 0.570874989 4.766767502
0.519994795 0.015539945 -0.854028046 -3.505463839 -0.007271447 0.999878764 0.013766465 -0.079071045 0.854138494 -0.000948468 0.520044684 4.895511627
0.467931807 0.016960846 -0.883601785 -3.870222569 -0.005977505 0.999853611 0.016026791 -0.075577646 0.883744359 -0.002217710 0.467964739 5.032583237
0.413254887 0.019412916 -0.910408378 -4.237339973 -0.004778812 0.999805212 0.019149939 -0.073865987 0.910602808 -0.003563136 0.413267136 5.151122093
0.358521700 0.021434914 -0.933275223 -4.583908558 -0.003732322 0.999761283 0.021528140 -0.075894967 0.933513999 -0.004235019 0.358516037 5.232760906
0.303795755 0.024414368 -0.952424288 -5.043027878 -0.001352731 0.999681652 0.025194276 -0.069236770 0.952736199 -0.006365540 0.303731978 5.329045296
0.249730676 0.026786232 -0.967944741 -5.496808529 0.003255126 0.999588549 0.028501742 -0.074512094 0.968309879 -0.010268542 0.249540761 5.413612366
0.199459314 0.027199220 -0.979528487 -5.938356400 0.005887682 0.999563396 0.028954435 -0.071267024 0.979888380 -0.011542385 0.199212089 5.451505184
0.152233124 0.028523004 -0.987932980 -6.397154808 0.003115024 0.999564767 0.029338831 -0.064469710 0.988339782 -0.007543777 0.152078032 5.468929768
0.109680809 0.028882885 -0.993547082 -6.955354214 0.001937800 0.999569535 0.029271886 -0.053665787 0.993964911 -0.005135859 0.109577648 5.496784687
0.071891531 0.027608788 -0.997030258 -7.452140808 0.000581305 0.999615490 0.027722292 -0.044345245 0.997412264 -0.002572576 0.071847841 5.490562916
0.037508860 0.024743099 -0.998989880 -8.009675026 0.001017546 0.999691844 0.024798695 -0.031501099 0.999295712 -0.001946690 0.037472136 5.474729061
0.005786755 0.022169176 -0.999737501 -8.644098282 0.002995516 0.999749362 0.022186778 -0.022589773 0.999978781 -0.003123119 0.005718897 5.469076633
-0.021122577 0.020373661 -0.999569297 -9.144911766 0.003009723 0.999789178 0.020314541 -0.015810549 0.999772370 -0.002579332 -0.021179443 5.449879646
-0.042045303 0.017809058 -0.998957038 -9.737508774 0.003970458 0.999836326 0.017657619 0.000220686 0.999107778 -0.003223897 -0.042109128 5.411486149
-0.058314856 0.017299160 -0.998148322 -10.527727127 0.003480747 0.999847174 0.017125247 0.010042369 0.998292148 -0.002475645 -0.058366172 5.341563225
-0.071777791 0.017735371 -0.997262955 -11.142286301 0.004349053 0.999837875 0.017468143 0.026202708 0.997411191 -0.003083325 -0.071843281 5.301564217
-0.081433296 0.019146401 -0.996494830 -11.795800209 0.003592897 0.999814570 0.018916573 0.015422255 0.996672392 -0.002039864 -0.081486985 5.246223450
-0.087645561 0.020490246 -0.995940983 -12.607117653 0.001043068 0.999789715 0.020477636 0.023014367 0.996151149 0.000755940 -0.087648503 5.137580872
-0.091917299 0.021547435 -0.995533526 -13.328969955 0.001994632 0.999767840 0.021454919 0.031924486 0.995764673 -0.000013645 -0.091938943 5.068850040
-0.093492441 0.022032360 -0.995376170 -14.090938568 0.003369756 0.999756336 0.021812806 0.044685125 0.995614231 -0.001314842 -0.093543902 4.994145870
-0.092623524 0.024175894 -0.995407641 -14.863060951 0.005564868 0.999702096 0.023762379 0.058294863 0.995685637 -0.003338357 -0.092730470 4.929399967
-0.091007411 0.026789038 -0.995489776 -15.649844170 0.005023054 0.999637783 0.026441451 0.066193134 0.995837510 -0.002594031 -0.091108993 4.854952335
-0.089415371 0.027168537 -0.995623827 -16.467363358 0.003342313 0.999630451 0.026977701 0.070171624 0.995988846 -0.000915465 -0.089473136 4.785701752
-0.087803476 0.024531811 -0.995835721 -17.268741608 0.000786728 0.999698102 0.024557596 0.081198990 0.996137500 0.001372790 -0.087796256 4.695603371
-0.087359913 0.023761487 -0.995893419 -18.024044037 0.001535309 0.999717534 0.023718050 0.111952662 0.996175528 0.000543003 -0.087371722 4.686608315
-0.087405026 0.026810108 -0.995812058 -18.782894135 0.004669271 0.999637842 0.026503274 0.133124590 0.996161878 -0.002333197 -0.087498561 4.700209141
-0.082605802 0.030700015 -0.996109247 -19.880165100 -0.000724638 0.999523222 0.030865328 0.125120193 0.996582031 0.003271473 -0.082544185 4.467718601
-0.080710746 0.032574758 -0.996205032 -20.798450470 -0.002106932 0.999458015 0.032851819 0.138084829 0.996735334 0.004750432 -0.080598369 4.386250973
-0.078850478 0.031993069 -0.996372879 -21.672437668 -0.004233923 0.999465048 0.032427415 0.148600161 0.996877491 0.006775484 -0.078672856 4.324343204
-0.077296987 0.029018646 -0.996585667 -22.628694534 -0.005479675 0.999548852 0.029529937 0.177048355 0.996993065 0.007743541 -0.077103101 4.237218857
-0.075132743 0.028426008 -0.996768296 -23.469995499 -0.006801025 0.999555707 0.029018139 0.205840766 0.997150362 0.008959258 -0.074906029 4.133758545
-0.073018521 0.030777443 -0.996855617 -24.314476013 -0.003242125 0.999511063 0.031096917 0.229824483 0.997325361 0.005502581 -0.072883047 4.031233311
-0.072977997 0.033092495 -0.996784508 -25.494667053 -0.001581966 0.999444246 0.033296626 0.229671657 0.997332215 0.004006800 -0.072885104 4.015499115
-0.071615793 0.035045598 -0.996816397 -26.522003174 -0.000966197 0.999379575 0.035205126 0.243256569 0.997431815 0.003484365 -0.071537510 3.939091206
-0.070780687 0.030145911 -0.997036278 -27.471796036 -0.001228329 0.999539733 0.030308809 0.263146818 0.997491121 0.003369967 -0.070711091 3.861186981
-0.071062908 0.023104733 -0.997204244 -28.490369797 0.000092179 0.999731839 0.023156721 0.281000197 0.997471809 0.001553663 -0.071045980 3.807670593
-0.070995688 0.018548366 -0.997304142 -29.446071625 0.004141395 0.999823928 0.018300414 0.292280674 0.997468054 -0.002830981 -0.071060024 3.728652477
-0.071499385 0.019129155 -0.997257173 -30.480445862 0.005290548 0.999809206 0.018798796 0.308317035 0.997426748 -0.003931934 -0.071586944 3.650080919
-0.071964689 0.026327349 -0.997059584 -31.496809006 0.004837163 0.999648929 0.026046589 0.319151878 0.997395515 -0.002948505 -0.072066784 3.588216782
-0.071611233 0.034025535 -0.996852100 -32.549453735 0.003033736 0.999420702 0.033895280 0.321559072 0.997427940 -0.000596904 -0.071672983 3.481787682
-0.071978159 0.039264858 -0.996633112 -33.587341309 0.001410510 0.999227703 0.039265223 0.336553812 0.997405112 0.001420477 -0.071977973 3.391185045
-0.072633751 0.039285198 -0.996584713 -34.588989258 0.000228814 0.999224484 0.039372593 0.368386865 0.997358561 0.002631746 -0.072586417 3.330184221
-0.072710611 0.036472369 -0.996685982 -35.625228882 -0.000750409 0.999328852 0.036623817 0.371808946 0.997352779 0.003410862 -0.072634459 3.241641998
-0.074062482 0.033638455 -0.996686101 -36.549037933 0.000350355 0.999431670 0.033705078 0.401365995 0.997253478 0.002147088 -0.074032187 3.222097397
-0.075157590 0.034558252 -0.996572673 -37.487873077 -0.001000108 0.999396205 0.034731586 0.444152117 0.997171164 0.003607023 -0.075077668 3.207652092
-0.073024683 0.037616424 -0.996620417 -38.717227936 -0.003850702 0.999270320 0.037998591 0.424112439 0.997322798 0.006612523 -0.072826535 2.995570660
-0.073995985 0.036068425 -0.996606052 -39.623176575 -0.004435611 0.999323905 0.036496129 0.450680375 0.997248650 0.007121123 -0.073785961 2.987448692
-0.072909966 0.030229207 -0.996880293 -40.645481110 -0.005294836 0.999514699 0.030696345 0.484318018 0.997324467 0.007516388 -0.072714515 2.884906769
-0.072227955 0.026489463 -0.997036338 -41.784618378 -0.006754294 0.999611318 0.027047174 0.481624365 0.997365415 0.008687840 -0.072020978 2.746869087
-0.071888186 0.027265953 -0.997039974 -42.803512573 -0.005915760 0.999596953 0.027762419 0.487038851 0.997395217 0.007894039 -0.071697921 2.677581310
-0.071014024 0.029558470 -0.997037292 -43.846405029 -0.005223036 0.999536157 0.030004563 0.502588034 0.997461677 0.007338309 -0.070826709 2.596493959
-0.070662074 0.034641497 -0.996898532 -44.861896515 -0.005008782 0.999371827 0.035082474 0.518385172 0.997487724 0.007472248 -0.070444189 2.520559311
-0.070045203 0.040386848 -0.996725857 -45.876876831 -0.004836844 0.999154627 0.040825158 0.533495903 0.997532070 0.007680616 -0.069790646 2.449276447
-0.070588961 0.043317273 -0.996564448 -46.880073547 -0.005396383 0.999025464 0.043806490 0.563583851 0.997490823 0.008470098 -0.070286416 2.379782677
-0.070063040 0.043485139 -0.996594310 -47.950637817 -0.004359358 0.999026477 0.043897737 0.580678105 0.997533023 0.007420120 -0.069805264 2.296180964
-0.069935329 0.038729664 -0.996799409 -48.954231262 -0.004386148 0.999224424 0.039131615 0.604733229 0.997541785 0.007108793 -0.069711216 2.226652861
-0.070022337 0.035125390 -0.996926785 -49.969779968 -0.004926058 0.999355495 0.035556957 0.615260124 0.997533321 0.007400702 -0.069804169 2.166773081
-0.069289058 0.032168642 -0.997077763 -51.007369995 -0.009633092 0.999411762 0.032913361 0.641851664 0.997550130 0.011885480 -0.068938397 2.051170826
-0.070097990 0.030458808 -0.997075021 -52.018676758 -0.012566668 0.999427438 0.031414155 0.662436306 0.997460961 0.014731980 -0.069675103 1.982306004
-0.070608020 0.028318299 -0.997102082 -53.046802521 -0.010229547 0.999523759 0.029111471 0.674881339 0.997451723 0.012255405 -0.070284709 1.911835432
-0.072491653 0.023081869 -0.997101903 -55.042591095 -0.002914708 0.999723136 0.023354448 0.697598577 0.997364759 0.004599264 -0.072404310 1.749548435
-0.074257396 0.026777521 -0.996879518 -56.028278351 -0.002293590 0.999632239 0.027022310 0.708370805 0.997236490 0.004293039 -0.074168675 1.671550751
-0.077046134 0.033379711 -0.996468663 -57.026706696 0.000065620 0.999439538 0.033474162 0.711382985 0.997027576 0.002513665 -0.077005133 1.633774281
-0.077810302 0.036647905 -0.996294379 -58.056308746 0.002289881 0.999328077 0.036580656 0.729056716 0.996965528 0.000564956 -0.077841923 1.511300087
-0.079381153 0.035837218 -0.996199965 -59.047973633 0.001549122 0.999356747 0.035827339 0.740068316 0.996843040 0.001300781 -0.079385616 1.437165260
-0.080436237 0.032109413 -0.996242464 -60.011993408 -0.001845345 0.999474466 0.032362580 0.752898455 0.996758044 0.004441534 -0.080334716 1.352933407
-0.081478991 0.028447134 -0.996268988 -61.009090424 -0.006079634 0.999559820 0.029038319 0.765237808 0.996656537 0.008422965 -0.081270158 1.241279125
-0.084214523 0.026795741 -0.996087193 -61.915431976 -0.009059169 0.999576509 0.027655512 0.790992558 0.996406436 0.011352719 -0.083936103 1.212878227
-0.086180203 0.027931482 -0.995887935 -62.772438049 -0.010131058 0.999530733 0.028910350 0.810290098 0.996228039 0.012580900 -0.085856780 1.178475857
-0.087554522 0.029323265 -0.995728076 -63.630634308 -0.012245835 0.999459386 0.030509932 0.840159774 0.996084511 0.014864804 -0.087148115 1.166121006
-0.085462481 0.029511143 -0.995904267 -64.881469727 -0.015026380 0.999409497 0.030904479 0.803142309 0.996228099 0.017606013 -0.084968559 0.866465569
-0.086343072 0.028882213 -0.995846748 -65.882827759 -0.014232646 0.999441922 0.030220499 0.825945735 0.996163785 0.016782865 -0.085883804 0.782480717
-0.086386658 0.030228009 -0.995802939 -66.763107300 -0.013495334 0.999412417 0.031508300 0.854340434 0.996170223 0.016160594 -0.085927956 0.668125153
-0.087212361 0.033255998 -0.995634556 -67.761245728 -0.011266785 0.999345839 0.034366876 0.861164331 0.996125996 0.014214817 -0.086780608 0.604695797
-0.087367997 0.037696633 -0.995462537 -68.706779480 -0.012030625 0.999170959 0.038892936 0.866554499 0.996103466 0.015374036 -0.086842060 0.522562027
-0.087128542 0.040340636 -0.995379984 -69.540740967 -0.013194812 0.999045372 0.041644167 0.873069286 0.996109724 0.016762245 -0.086513095 0.419010162
-0.088520966 0.040264104 -0.995260179 -70.522895813 -0.012918795 0.999052167 0.041566540 0.888102055 0.995990515 0.016537070 -0.087916911 0.360100746
-0.088937446 0.038111269 -0.995307803 -71.476173401 -0.010904000 0.999170601 0.039233521 0.908525229 0.995977521 0.014342164 -0.088448115 0.270025253
-0.089814454 0.034478053 -0.995361567 -72.311080933 -0.010439185 0.999313116 0.035556883 0.929847240 0.995903730 0.013584284 -0.089392826 0.207036018
-0.088997126 0.031878058 -0.995521665 -73.200561523 -0.011162899 0.999392986 0.032999951 0.931394696 0.995969355 0.014049805 -0.088587254 0.106069088
-0.087772325 0.029324658 -0.995708823 -74.111579895 -0.011582680 0.999468982 0.030456418 0.950168014 0.996073246 0.014206207 -0.087386057 0.025565624
-0.085487559 0.028674236 -0.995926440 -74.943420410 -0.013484044 0.999460936 0.029933428 0.956605434 0.996248007 0.015988056 -0.085054830 -0.055782318
-0.080947340 0.030242277 -0.996259451 -75.745964050 -0.014341465 0.999400735 0.031502895 0.952969432 0.996615231 0.016837893 -0.080465116 -0.128443241
-0.075274706 0.031281270 -0.996672034 -76.598274231 -0.014017457 0.999375880 0.032424811 0.964214802 0.997064292 0.016411576 -0.074789241 -0.191648006
-0.047421925 0.035511684 -0.998243451 -78.885803223 -0.015215683 0.999226153 0.036269467 0.994144440 0.998759151 0.016908927 -0.046844885 -0.342989206
-0.039516512 0.038729947 -0.998467982 -80.194786072 -0.015496700 0.999104619 0.039367948 0.905331135 0.999098837 0.017028643 -0.038880944 0.046431780
-0.015012298 0.038751397 -0.999136150 -80.261772156 -0.020807985 0.999020159 0.039059542 1.010788441 0.999670804 0.021376377 -0.014191240 -0.346199393
0.007562637 0.039907232 -0.999174774 -80.949005127 -0.022043096 0.998967230 0.039732099 1.016948223 0.999728441 0.021724427 0.008434519 -0.332522035
0.033385403 0.040684555 -0.998614073 -81.597892761 -0.020850498 0.998982072 0.040002473 1.003500223 0.999225020 0.019486103 0.034199715 -0.302927732
0.062476341 0.039055027 -0.997281969 -82.294967651 -0.019560408 0.999090075 0.037900437 1.047071218 0.997854769 0.017139366 0.063183412 -0.248408794
0.097100176 0.038723446 -0.994521022 -82.878494263 -0.018479142 0.999140739 0.037099104 1.069382071 0.995103121 0.014775565 0.097732306 -0.193368912
0.134418726 0.038915697 -0.990160227 -83.439949036 -0.017691022 0.999163568 0.036867917 1.072285652 0.990766764 0.012561209 0.134994745 -0.085234642
0.175069958 0.038959857 -0.983784795 -84.004722595 -0.018015636 0.999176323 0.036363401 1.073069811 0.984391153 0.011357374 0.175627619 0.053969383
0.220250681 0.040454052 -0.974604070 -84.538002014 -0.017232031 0.999145031 0.037578445 1.062725782 0.975291073 0.008517732 0.220759496 0.196283340
0.269347280 0.039004650 -0.962252915 -85.027877808 -0.014936742 0.999228477 0.036322452 1.078173399 0.962927282 0.004589573 0.269722074 0.345869064
0.319204718 0.033686448 -0.947086871 -85.575286865 -0.007597887 0.999426901 0.032987326 1.086879611 0.947655380 -0.003333848 0.319277704 0.584730148
0.420564204 0.023874547 -0.906948566 -86.515602112 0.002450695 0.999620080 0.027450457 1.092636943 0.907259464 -0.013767335 0.420346022 1.126613617
0.471831053 0.022125462 -0.881411314 -86.953353882 0.002923626 0.999640286 0.026658339 1.121462464 0.881684184 -0.015155151 0.471596718 1.391708374
0.519583106 0.021175686 -0.854157448 -87.408050537 0.003109850 0.999639273 0.026674094 1.135034800 0.854414284 -0.016515711 0.519329846 1.717258453
0.562906146 0.016403031 -0.826358020 -87.825241089 0.011688396 0.999545097 0.027802765 1.135879040 0.826438189 -0.025309149 0.562458336 2.098377228
0.606666863 0.009451156 -0.794899940 -88.210937500 0.021953791 0.999348760 0.028637109 1.144699097 0.794652998 -0.034824256 0.606064260 2.461055756
0.648519337 0.005397303 -0.761178970 -88.590850830 0.022493973 0.999402285 0.026251184 1.140277624 0.760865808 -0.034146342 0.648010254 2.852287292
0.688947797 0.000550903 -0.724810779 -88.951675415 0.019942736 0.999606669 0.019715760 1.140271783 0.724536598 -0.028037837 0.688665807 3.257167816
0.729242682 -0.005060069 -0.684236586 -89.225814819 0.015291911 0.999843538 0.008903698 1.138314009 0.684084415 -0.016956240 0.729205728 3.596534729
0.767670512 -0.006992058 -0.640806675 -89.569946289 0.009911056 0.999950409 0.000962401 1.139739156 0.640768290 -0.007089877 0.767701626 4.073783875
0.804425120 -0.009431914 -0.593979120 -89.901245117 0.010099296 0.999946535 -0.002200893 1.148021579 0.593968153 -0.004228316 0.804477453 4.586521149
0.838208854 -0.010487937 -0.545248389 -90.159454346 0.010016165 0.999942482 -0.003836220 1.144660115 0.545257211 -0.002245745 0.838265777 5.066658020
0.868256032 -0.009207662 -0.496030837 -90.355491638 0.007104271 0.999956012 -0.006126493 1.140625834 0.496065289 0.001795427 0.868283391 5.484222412
0.914247394 -0.001933255 -0.405151755 -90.607826233 0.000644890 0.999994278 -0.003316424 1.113901854 0.405155808 0.002770755 0.914243460 6.104793549
0.936260283 -0.013842426 -0.351034105 -90.873657227 0.011555425 0.999896169 -0.008609142 1.169613600 0.351116836 0.004004051 0.936323166 6.615179062
0.945059359 0.006477606 -0.326834619 -90.961067200 -0.008095586 0.999960721 -0.003590370 1.112245917 0.326798528 0.006039029 0.945074737 7.133316040
0.954785764 0.008285889 -0.297179103 -91.064842224 -0.009061360 0.999958217 -0.001231967 1.096279144 0.297156513 0.003869111 0.954820991 7.536558151
0.962075472 0.006339263 -0.272709578 -91.213684082 -0.006644341 0.999977887 -0.000195208 1.098043442 0.272702307 0.001999781 0.962096334 8.109987259
0.967896819 0.007006480 -0.251250118 -91.318206787 -0.006694116 0.999975383 0.002097889 1.090627193 0.251258612 -0.000348643 0.967919946 8.536415100
0.972304404 0.009263186 -0.233534306 -91.411254883 -0.008362691 0.999953330 0.004845845 1.086369634 0.233568296 -0.002758662 0.972336471 8.958515167
0.975806653 0.014065835 -0.218182281 -91.590057373 -0.013049798 0.999896288 0.006097176 1.084680915 0.218245447 -0.003102430 0.975888968 9.720560074
0.978664160 0.017054347 -0.204757407 -91.694458008 -0.015869996 0.999846518 0.007425049 1.083850145 0.204852641 -0.004017130 0.978784561 10.192697525
0.981242418 0.016838491 -0.192040965 -91.815422058 -0.015737070 0.999849677 0.007259278 1.076083660 0.192134365 -0.004100949 0.981360078 10.863658905
0.983833671 0.016536854 -0.178319365 -91.899948120 -0.015560421 0.999855280 0.006873048 1.075123906 0.178407207 -0.003987213 0.983948708 11.371162415
0.986261606 0.017099734 -0.164303541 -92.009597778 -0.016102465 0.999843061 0.007399742 1.072278261 0.164404288 -0.004652390 0.986382008 12.060817719
0.988508403 0.018714149 -0.150002837 -92.095932007 -0.017668691 0.999809504 0.008299390 1.067156553 0.150129572 -0.005553663 0.988650680 12.627535820
0.991725445 0.019125341 -0.126944348 -92.235420227 -0.019283561 0.999814093 -0.000017427 1.058039904 0.126920417 0.002465222 0.991909802 13.767651558
0.992972791 0.018166838 -0.116939917 -92.342315674 -0.018989900 0.999802113 -0.005927956 1.045042396 0.116809070 0.008106977 0.993121266 14.598814011
0.993899345 0.018370625 -0.108750552 -92.427223206 -0.019128669 0.999799430 -0.005931318 1.034685969 0.108619772 0.007975387 0.994051337 15.269353867
0.994636536 0.019787796 -0.101521388 -92.521408081 -0.019844450 0.999803007 0.000451961 1.022979736 0.101510338 0.001565100 0.994833291 15.953686714
0.994977117 0.025431708 -0.096817926 -92.568931580 -0.024718685 0.999657810 0.008557042 1.008959889 0.097002432 -0.006120849 0.995265305 16.622489929
0.995388329 0.026365412 -0.092232607 -92.651596069 -0.025337130 0.999603331 0.012302213 0.999224067 0.092520356 -0.009908572 0.995661497 17.310878754
0.995646775 0.024896102 -0.089818761 -92.678970337 -0.023985052 0.999649465 0.011208474 0.994448304 0.090066314 -0.009005374 0.995895028 17.904605865
0.995983958 0.025882743 -0.085708991 -92.768775940 -0.025084995 0.999631464 0.010371734 0.985137105 0.085945860 -0.008180073 0.996266246 18.650642395
0.996292472 0.025174804 -0.082265280 -92.842025757 -0.024234205 0.999629140 0.012412523 0.980620325 0.082547262 -0.010372872 0.996533215 19.333877563
0.996504664 0.022653019 -0.080407135 -92.866363525 -0.021485524 0.999651134 0.015355572 0.970360041 0.080726944 -0.013574310 0.996643901 19.951511383
0.996783674 0.021297637 -0.077256992 -92.935623169 -0.020009480 0.999648154 0.017409654 0.963984370 0.077600591 -0.015807787 0.996859193 20.671167374
0.996995687 0.020412007 -0.074719451 -92.984245300 -0.019437114 0.999716461 0.013751476 0.960720301 0.074978955 -0.012257832 0.997109771 21.316331863
0.997061968 0.022886351 -0.073100045 -93.032577515 -0.022471176 0.999726236 0.006497051 0.956356883 0.073228732 -0.004835319 0.997303426 21.946315765
0.997170210 0.023956109 -0.071256891 -93.101669312 -0.024084879 0.999709487 -0.000948382 0.948015332 0.071213447 0.002661912 0.997457564 22.660980225
0.997199416 0.023764173 -0.070912756 -93.131607056 -0.024217285 0.999691367 -0.005536727 0.935567975 0.070759282 0.007238535 0.997467160 23.365436554
0.997375786 0.025225004 -0.067861341 -93.203094482 -0.025525285 0.999667883 -0.003561367 0.924581051 0.067748956 0.005284201 0.997688353 23.948505402
0.997429907 0.029757826 -0.065177232 -93.264640808 -0.029775294 0.999556363 0.000703517 0.911736012 0.065169267 0.001238962 0.997873425 24.682567596
0.997391641 0.033656832 -0.063851327 -93.294319153 -0.033353746 0.999426723 0.005806993 0.893044412 0.064010158 -0.003662165 0.997942507 25.380037308
0.997705817 0.031051891 -0.060159057 -93.361503601 -0.030630132 0.999499440 0.007920468 0.894190907 0.060374886 -0.006059616 0.998157382 25.992202759
0.997864485 0.028094482 -0.058967739 -93.401092529 -0.027711492 0.999589205 0.007302748 0.884658217 0.059148673 -0.005653069 0.998233199 26.682188034
0.997982740 0.026636126 -0.057628285 -93.438430786 -0.026239313 0.999626458 0.007631653 0.874459863 0.057810038 -0.006104132 0.998308897 27.350311279
0.998048425 0.026602469 -0.056495603 -93.478469849 -0.026336048 0.999638200 0.005455253 0.869132698 0.056620281 -0.003956736 0.998387992 28.011888504
0.998136103 0.024438879 -0.055919740 -93.520484924 -0.024224311 0.999696314 0.004511767 0.860254884 0.056013037 -0.003148740 0.998425007 28.676826477
0.998170614 0.023288053 -0.055794526 -93.544097900 -0.023071909 0.999723613 0.004515081 0.851507664 0.055884253 -0.003219534 0.998432040 29.369819641
0.998150527 0.027583309 -0.054173090 -93.606338501 -0.027316537 0.999610782 0.005658992 0.847055256 0.054308109 -0.004168704 0.998515546 30.031080246
0.998134613 0.027406624 -0.054554723 -93.641151428 -0.027191542 0.999619305 0.004681044 0.841082752 0.054662250 -0.003188886 0.998499870 30.697696686
0.998035669 0.027295548 -0.056389287 -93.673484802 -0.027086698 0.999623060 0.004464898 0.835381448 0.056489907 -0.002928728 0.998398900 31.378047943
0.997978806 0.024940602 -0.058449201 -93.712348938 -0.024668390 0.999681234 0.005374362 0.823719501 0.058564618 -0.003921652 0.998275936 32.075904846
0.997799158 0.026797578 -0.060652867 -93.788742065 -0.026537769 0.999634802 0.005085146 0.820660472 0.060767002 -0.003464362 0.998145878 32.793098450
0.997482717 0.031142194 -0.063705899 -93.836036682 -0.030898975 0.999510884 0.004799763 0.811683297 0.063824229 -0.002819233 0.997957110 33.474742889
0.997322142 0.031023813 -0.066228434 -93.889915466 -0.031089999 0.999516547 0.000031356 0.801677525 0.066197403 0.002027770 0.997804463 34.166072845
0.997143149 0.032189928 -0.068332657 -93.959335327 -0.032473817 0.999467969 -0.003047474 0.795133173 0.068198211 0.005257790 0.997657895 34.913059235
0.997017741 0.031232269 -0.070570491 -94.008949280 -0.031622227 0.999490142 -0.004415011 0.782113194 0.070396625 0.006633440 0.997497022 35.590969086
0.996884167 0.031347319 -0.072382003 -94.066864014 -0.031663734 0.999493420 -0.003227905 0.775848687 0.072244130 0.005509732 0.997371733 36.312618256
0.996758938 0.030573735 -0.074410498 -94.133827209 -0.030842265 0.999521255 -0.002462158 0.763126254 0.074299596 0.004749166 0.997224629 37.094097137
0.996656656 0.029770399 -0.076087318 -94.196304321 -0.029881692 0.999553442 -0.000324451 0.750323713 0.076043665 0.002596984 0.997101068 37.827041626
0.996572793 0.030023733 -0.077079229 -94.257957458 -0.029841362 0.999548495 0.003516928 0.737976134 0.077150010 -0.001204725 0.997018754 38.546623230
0.996509850 0.028992772 -0.078278661 -94.313659668 -0.028469073 0.999564230 0.007798125 0.736831069 0.078470655 -0.005542388 0.996900976 39.344848633
0.996618748 0.029612739 -0.076643407 -94.407859802 -0.028972022 0.999535501 0.009458406 0.729700685 0.076887913 -0.007205909 0.997013688 40.180698395
0.996663094 0.032586861 -0.074838951 -94.476425171 -0.031980403 0.999445319 0.009287998 0.730588257 0.075100116 -0.006863625 0.997152328 40.994644165
0.996756196 0.032679133 -0.073547110 -94.502449036 -0.032160465 0.999448836 0.008225796 0.731858492 0.073775396 -0.005833802 0.997257888 41.571475983
0.996938467 0.030145917 -0.072145216 -94.562782288 -0.029777421 0.999537468 0.006178174 0.717335999 0.072298087 -0.004010961 0.997375011 42.435302734
0.997217953 0.027022036 -0.069470167 -94.635238647 -0.026788121 0.999631941 0.004296707 0.712199152 0.069560677 -0.002423777 0.997574806 43.216728210
0.997313082 0.026410218 -0.068331264 -94.671745300 -0.026167354 0.999647677 0.004447048 0.701822162 0.068424635 -0.002647050 0.997652829 43.964744568
0.997452676 0.022948490 -0.067538619 -94.722908020 -0.022562262 0.999724448 0.006476053 0.703674436 0.067668639 -0.004935731 0.997695565 44.787765503
0.997472525 0.019164367 -0.068418093 -94.739906311 -0.018568030 0.999784052 0.009341408 0.685326517 0.068582334 -0.008047409 0.997612953 45.631015778
0.997573078 0.019626338 -0.066803776 -94.799667358 -0.019082885 0.999779522 0.008763564 0.696740031 0.066961043 -0.007467486 0.997727573 46.313869476
0.997665524 0.021282159 -0.064887829 -94.886085510 -0.020905653 0.999760509 0.006475931 0.672068119 0.065010101 -0.005104293 0.997871578 47.115978241
0.997655451 0.023818480 -0.064159140 -94.946754456 -0.023810482 0.999716043 0.000889425 0.652506888 0.064162098 0.000640321 0.997939348 47.856933594
0.997719944 0.025771333 -0.062376261 -95.014808655 -0.026081352 0.999651134 -0.004160841 0.632800519 0.062247269 0.005778210 0.998044074 48.615489960
0.997595191 0.029369464 -0.062779382 -95.052024841 -0.030099493 0.999489427 -0.010714254 0.637274683 0.062432662 0.012578112 0.997969925 49.408447266
0.997700095 0.029671226 -0.060943276 -95.128578186 -0.030425897 0.999470949 -0.011492572 0.614849687 0.060570039 0.013320394 0.998075068 50.185943604
0.997843087 0.027763579 -0.059484862 -95.208671570 -0.028157519 0.999586761 -0.005794437 0.598863363 0.059299406 0.007456886 0.998212397 50.972007751
0.997886658 0.027513111 -0.058864519 -95.291633606 -0.027350156 0.999619484 0.003572311 0.573358476 0.058940403 -0.001954809 0.998259604 51.779521942
0.997746706 0.023831630 -0.062717989 -95.264205933 -0.023168247 0.999668002 0.011283355 0.571627796 0.062966056 -0.009804865 0.997967482 52.475177765
0.997638226 0.020405274 -0.065585323 -95.303710938 -0.019832045 0.999759376 0.009379447 0.559621692 0.065760933 -0.008056605 0.997802854 53.203876495
0.997524738 0.015241545 -0.068643212 -95.297599792 -0.014826484 0.999868512 0.006552069 0.547368705 0.068734050 -0.005518113 0.997619689 53.833206177
0.997415006 0.015489728 -0.070167154 -95.411491394 -0.015245133 0.999875844 0.004020064 0.547052085 0.070220709 -0.002939965 0.997527122 54.693855286
0.997203350 0.017331043 -0.072699979 -95.481590271 -0.017240755 0.999849677 0.001869292 0.533877909 0.072721452 -0.000610661 0.997352064 55.422420502
0.996954441 0.018667962 -0.075719066 -95.551254272 -0.018853540 0.999820769 -0.001736747 0.526952624 0.075673088 0.003159031 0.997127593 56.137138367
0.996574759 0.019679533 -0.080320105 -95.597137451 -0.020113355 0.999787152 -0.004595568 0.505833387 0.080212578 0.006195334 0.996758521 56.858871460
0.996319652 0.022615112 -0.082677983 -95.688972473 -0.023438958 0.999684691 -0.009007376 0.492224872 0.082448229 0.010912112 0.996535599 57.597011566
0.995884418 0.027998582 -0.086199380 -95.746330261 -0.028904036 0.999539196 -0.009273842 0.482750833 0.085900016 0.011727183 0.996234775 58.289867401
0.995473087 0.030385202 -0.090055674 -95.815940857 -0.031153008 0.999489188 -0.007132245 0.463224322 0.089792967 0.009905464 0.995911121 59.019027710
0.995062590 0.033457771 -0.093439206 -95.906127930 -0.033716895 0.999430716 -0.001195454 0.444774836 0.093346000 0.004340032 0.995624304 59.728820801
0.994650900 0.034361735 -0.097410806 -95.978454590 -0.034040041 0.999408126 0.004962902 0.427951753 0.097523697 -0.001620485 0.995231867 60.384250641
0.994155586 0.033436418 -0.102648310 -96.041297913 -0.032766867 0.999429286 0.008202566 0.425125360 0.102864012 -0.004791163 0.994683802 61.160854340
0.993412614 0.030346794 -0.110501349 -96.094863892 -0.029495100 0.999521255 0.009334458 0.413756311 0.110731736 -0.006013718 0.993832111 61.916538239
0.992910266 0.031533439 -0.114606798 -96.213432312 -0.030250262 0.999458849 0.012918798 0.415505648 0.114952154 -0.009360323 0.993326843 62.562107086
0.992152810 0.031342536 -0.121038526 -96.304939270 -0.030033091 0.999469101 0.012628087 0.406141281 0.121370047 -0.008893831 0.992567480 63.258846283
0.991225600 0.035724316 -0.127262130 -96.405349731 -0.034514524 0.999335647 0.011699524 0.406743586 0.127595544 -0.007204474 0.991800129 63.964260101
0.990402102 0.039028443 -0.132591009 -96.508094788 -0.038281813 0.999233663 0.008176514 0.397755504 0.132808477 -0.003022212 0.991137087 64.612602234
0.989566982 0.038966592 -0.138704076 -96.602272034 -0.038568102 0.999240577 0.005560569 0.387719095 0.138815388 -0.000153003 0.990318179 65.277961731
0.988794923 0.039145775 -0.144056305 -96.701606750 -0.038877904 0.999233067 0.004675118 0.377067119 0.144128814 0.000977874 0.989558458 65.920738220
0.988053799 0.041255802 -0.148484111 -96.822601318 -0.040350575 0.999144018 0.009105021 0.383636177 0.148732617 -0.003004831 0.988872826 66.643676758
0.986990333 0.039569348 -0.155833930 -96.913070679 -0.037896413 0.999187827 0.013692851 0.376237631 0.156249180 -0.007609166 0.987688303 67.367759705
0.985924900 0.039462782 -0.162464455 -97.018295288 -0.037421864 0.999177694 0.015604529 0.375080705 0.162946641 -0.009305170 0.986591041 68.022285461
0.985093534 0.039891165 -0.167330205 -97.168815613 -0.038419690 0.999189377 0.012023110 0.367456436 0.167674139 -0.005415112 0.985827625 68.646797180
0.983675599 0.037102729 -0.176084518 -97.287979126 -0.036798235 0.999310315 0.004995342 0.364029616 0.176148370 0.001565802 0.984362364 69.298027039
0.982128084 0.034850035 -0.184959128 -97.419013977 -0.034779221 0.999388576 0.003628177 0.354490340 0.184972435 0.002869400 0.982739508 69.958648682
0.979981959 0.036263213 -0.195755854 -97.556007385 -0.035662718 0.999342084 0.006592560 0.346404910 0.195866138 0.000520596 0.980630517 70.610321045
0.977568150 0.035027795 -0.207686439 -97.685775757 -0.033053838 0.999369383 0.012968242 0.341689825 0.208009720 -0.005812507 0.978109539 71.292205811
0.974974573 0.035631832 -0.219442576 -97.830741882 -0.031763978 0.999271989 0.021130020 0.338155508 0.220035717 -0.013630863 0.975396633 71.956703186
0.972516656 0.037865970 -0.229733616 -98.013412476 -0.033238243 0.999159694 0.023981694 0.345019102 0.230448663 -0.015686652 0.972958028 72.574798584
0.969375789 0.041789241 -0.242000416 -98.172233582 -0.038153473 0.999077916 0.019692728 0.340441465 0.242600232 -0.009856497 0.970076263 73.274085999
0.966386616 0.042214707 -0.253603727 -98.352165222 -0.040862992 0.999108493 0.010597759 0.347246289 0.253825009 0.000121476 0.967250109 73.810211182
0.963222444 0.038179982 -0.265979022 -98.539108276 -0.037992492 0.999260902 0.005852119 0.346073806 0.266005874 0.004468313 0.963961065 74.465209961
0.959623158 0.036572926 -0.278901011 -98.712951660 -0.034846269 0.999330401 0.011147870 0.340547204 0.279121995 -0.000979095 0.960255206 75.119575500
0.956574380 0.038503911 -0.288934052 -98.930084229 -0.034588896 0.999227703 0.018645490 0.338932633 0.289428890 -0.007841887 0.957167447 75.706718445
0.952886522 0.038405675 -0.300885528 -99.140823364 -0.032778412 0.999180913 0.023730325 0.346697330 0.301550448 -0.012749757 0.953364909 76.382118225
0.948906064 0.035454806 -0.313560516 -99.355476379 -0.030088883 0.999306500 0.021937387 0.349625826 0.314120799 -0.011381835 0.949314833 77.003692627
0.942310870 0.029936519 -0.333397508 -99.824310303 -0.027871186 0.999551296 0.010977162 0.347011685 0.333576560 -0.001051713 0.942722380 78.251037598
0.939324141 0.025825197 -0.342057377 -100.029197693 -0.025491448 0.999660015 0.005471834 0.337399364 0.342082411 0.003579715 0.939663112 78.875244141
0.936682999 0.026007464 -0.349211425 -100.274642944 -0.026377307 0.999645174 0.003697079 0.335040569 0.349183679 0.005748266 0.937036633 79.500564575
0.933651924 0.030567925 -0.356874824 -100.514930725 -0.031268824 0.999503732 0.003806817 0.328466177 0.356814086 0.007604815 0.934144378 80.111206055
0.930637836 0.030874148 -0.364636719 -100.772514343 -0.030768666 0.999507844 0.006100520 0.319804430 0.364645660 0.005542010 0.931129813 80.737693787
0.927374125 0.031247512 -0.372827828 -101.017395020 -0.028617933 0.999511123 0.012586772 0.323639870 0.373038888 -0.001003085 0.927815139 81.355415344
0.924896300 0.034216490 -0.378676683 -101.303497314 -0.028324557 0.999375582 0.021120517 0.319872618 0.379162967 -0.008808436 0.925288022 81.994590759
0.922032952 0.043633997 -0.384644449 -101.570640564 -0.035517551 0.998971581 0.028183859 0.316111803 0.385478556 -0.012324817 0.922634482 82.616012573
0.918862104 0.050397925 -0.391347110 -101.822525024 -0.043812972 0.998708069 0.025743697 0.309154034 0.392138839 -0.006508823 0.919883013 83.210342407
0.916923642 0.047405411 -0.396237105 -102.116882324 -0.044028025 0.998875022 0.017620105 0.322407007 0.396626592 0.001289243 0.917979121 83.821472168
0.915285707 0.039753944 -0.400838733 -102.399574280 -0.038922247 0.999189973 0.010220485 0.326937914 0.400920361 0.006246882 0.916091621 84.459030151
0.913533568 0.039508298 -0.404840022 -102.677978516 -0.039069548 0.999192834 0.009349528 0.329549193 0.404882610 0.007275812 0.914339721 85.074157715
0.911304832 0.045922771 -0.409163356 -102.966049194 -0.043554731 0.998936772 0.015109627 0.320249677 0.409422189 0.004051526 0.912336051 85.682258606
0.908864975 0.049042065 -0.414197147 -103.269973755 -0.045031417 0.998796225 0.019448590 0.327017069 0.414652377 0.000975745 0.909979284 86.337799072
0.906610966 0.045131087 -0.419546992 -103.554733276 -0.041908242 0.998978436 0.016900402 0.330950022 0.419881165 0.002260389 0.907576203 86.971252441
0.904333591 0.043609940 -0.424592555 -103.853317261 -0.042897206 0.999016225 0.011242891 0.322492957 0.424665123 0.008046510 0.905314863 87.576957703
0.901909709 0.040321708 -0.430038333 -104.142593384 -0.042527974 0.999085188 0.004484322 0.327617466 0.429825753 0.014244207 0.902799487 88.189552307
0.899675846 0.041092381 -0.434620172 -104.440032959 -0.044062562 0.999023557 0.003244739 0.320430428 0.434329152 0.016231265 0.900608003 88.795852661
0.897790074 0.044505019 -0.438169181 -104.765380859 -0.045717545 0.998924077 0.007787810 0.310926080 0.438044250 0.013040195 0.898858786 89.421249390
0.895650446 0.046427131 -0.442328811 -105.072364807 -0.046663497 0.998857021 0.010354019 0.304406881 0.442303956 0.011367025 0.896793127 90.041725159
0.893147647 0.046863858 -0.447315425 -105.375633240 -0.046862777 0.998839915 0.011075234 0.298834682 0.447315514 0.011070618 0.894307673 90.657012939
0.891263306 0.045505933 -0.451197177 -105.698715210 -0.045859881 0.998896360 0.010156250 0.293264508 0.451161325 0.011639956 0.892366529 91.241134644
0.889254928 0.043690465 -0.455320418 -106.005203247 -0.044123430 0.998979211 0.009683027 0.285217285 0.455278665 0.011479622 0.890275002 91.831993103
0.887239337 0.042857125 -0.459314078 -106.326705933 -0.042922202 0.999025285 0.010304668 0.281155825 0.459307998 0.010572064 0.888214231 92.436035156
0.884910583 0.044484410 -0.463631719 -106.649276733 -0.044698533 0.998944998 0.010532663 0.285332441 0.463611156 0.011403192 0.885965407 93.044692993
0.882651806 0.044319250 -0.467933476 -106.972106934 -0.044489261 0.998952627 0.010694488 0.281515956 0.467917323 0.011378507 0.883699059 93.636444092
0.880368292 0.041383009 -0.472481757 -107.279693604 -0.043276973 0.999039471 0.006865000 0.276056886 0.472312033 0.014403852 0.881313741 94.206916809
